622929826124
105474568798
110459536372
312663885375
063083760122
659500773344
128068602160
659545104407
659546735798
659502277018
128070258233
659554536379
961127221485
622944315482
176803204530
110458792914
804384143108
659519050846
128064986506
953051831428
659501959551
659502267015
128064098115
659500560259
312645629318
622935954873
659508532393
622916497636
622992888007
659501653223
659502452471
659593324172
110457804380
128055059182
128051248930
128050589448
110456958858
110456833646
622910382655